0 0
0 1
0 2
0 3
0 4
0 5
0 6
0 7
0 8
0 9
0 10
0 11
0 12
0 13
0 14
0 15
0 16
0 17
0 18
0 19
3 0
3 1
3 2
3 3
3 4
3 5
3 6
3 7
3 8
3 20
3 21
3 22
3 23
3 24
3 25
3 26
3 27
3 28
3 29
3 30
3 31
3 32
3 33
3 34
3 35
3 36
3 37
3 38
3 39
3 40
3 41
3 42
3 43
3 44
3 45
3 46
3 47
3 48
3 49
3 50
3 51
3 52
3 53
3 54
3 55
3 56
3 57
3 58
3 59
3 60
2 0
2 1
2 2
2 3
2 4
2 5
2 6
2 7
2 8
2 10
3 61
3 62
3 63
3 64
3 65
3 66
3 67
3 68
3 69
3 70
3 71
3 72
3 73
3 74
3 75
3 76
3 77
3 78
3 79
3 80
2 11
2 12
2 13
2 14
2 15
2 16
2 17
2 18
2 19
3 81
3 10
3 11
3 12
3 13
3 14
3 15
3 16
3 17
3 18
3 19
5 0
1 0
1 1
4 0
4 1
4 2
4 3
4 4
4 5
4 6
4 7
4 8
4 82
5 1
5 2
5 3
5 4
5 5
5 6
5 7
5 8
5 10
5 11
5 12
5 13
5 14
5 15
5 16
1 2
1 3
1 4
1 5
1 6
1 7
1 8
1 83
1 84
1 9
1 85
1 86
1 87
1 88
1 89
1 90
1 91
5 17
5 18
5 19
1 10
1 11
1 12
1 13
1 14
1 15
1 16
1 17
1 18
1 19
9 0
9 1
9 2
9 3
9 4
9 5
9 6
9 7
9 8
9 92
9 93
9 10
9 11
9 12
9 13
9 14
9 15
9 16
9 17
9 18
9 19
9 9
6 0
6 1
6 2
6 3
6 4
6 5
6 6
6 7
6 8
6 10
6 11
6 12
6 13
6 14
6 15
6 16
6 17
6 18
6 19
88 0
88 1
88 2
88 3
88 4
88 5
88 6
88 7
88 8
88 94
88 95
88 10
88 11
88 12
88 13
88 14
88 15
88 16
88 17
88 18
88 19
88 88
89 0
89 1
89 2
89 3
89 4
89 5
89 6
89 7
89 8
89 96
91 0
91 1
91 2
91 3
91 4
91 5
91 6
91 7
91 8
91 97
91 10
91 11
89 10
89 11
89 12
89 13
89 14
89 15
89 16
89 17
89 18
89 19
89 89
91 12
91 13
91 14
91 15
91 16
91 17
91 18
91 19
91 91
90 0
90 1
90 2
90 3
90 4
90 5
90 6
90 7
90 8
90 98
87 0
87 1
87 2
87 3
87 4
87 5
87 6
87 7
87 8
87 99
90 10
90 11
90 12
90 13
90 14
90 15
90 16
90 17
90 18
90 19
90 90
87 10
87 11
87 12
87 13
87 14
87 15
87 16
87 17
87 18
87 19
87 87
83 0
83 1
83 2
83 3
83 4
83 5
83 6
83 7
83 8
83 83
83 10
83 11
83 12
83 13
83 14
83 15
83 16
83 17
83 18
83 19
85 0
85 1
85 2
85 3
85 4
85 5
85 6
85 7
85 8
85 85
85 10
85 11
85 12
85 13
85 14
85 15
85 16
85 17
85 18
85 19
84 0
84 1
84 2
84 3
84 4
84 5
84 6
84 7
84 8
84 100
84 10
84 11
84 12
84 13
84 14
84 15
84 16
84 17
84 18
84 19
84 84
86 0
86 1
86 2
86 3
86 4
86 5
86 6
86 7
86 8
86 101
86 10
86 11
86 12
86 13
86 14
86 15
86 16
86 17
86 18
86 19
86 86
